10 0
0 469 1000000 1000000 1000000 458 1000000 1000000 1000000 1000000 
1000000 0 1000000 1000000 1000000 1000000 341 1000000 478 285 
1000000 454 0 1000000 1000000 1000000 585 913 828 332 
307 567 476 0 416 1000000 1000000 1000000 392 950 
1000000 533 933 957 0 817 822 1000000 1000000 63 
810 1000000 84 1000000 1000000 0 1000000 3 1000000 1000000 
1000000 692 152 568 637 1000000 0 405 749 1000000 
485 758 1000000 747 831 1000000 33 0 1000000 869 
1000000 1000000 467 717 891 735 556 1000000 0 432 
633 1000000 360 1000000 216 239 645 1000000 202 0 
