10 0
0 1000000 621 423 330 781 1000000 300 707 422 
1000000 0 118 619 1000000 412 761 727 1000000 1000000 
1000000 588 0 915 426 904 227 766 677 1000000 
1000000 1000000 734 0 1000000 868 460 1000000 1000000 388 
462 1000000 245 1000000 0 151 123 297 941 1000000 
1000000 837 1000000 658 979 0 447 1000000 272 1000000 
36 103 665 1000000 1000000 532 0 1000000 59 344 
447 685 1000000 616 331 646 1000000 0 255 995 
147 1000000 239 138 686 1000000 772 292 0 1000000 
949 1000000 55 272 347 798 1000000 429 455 0 
